3.791999999999999886e+02
3.940899999999999750e+02
4.075799999999999841e+02
4.230199999999999818e+02
4.398399999999999750e+02
4.585000000000000000e+02
4.800799999999999841e+02
5.020899999999999750e+02
5.269400000000000546e+02
5.553300000000000409e+02
5.844400000000000546e+02
6.130399999999999636e+02
6.433099999999999454e+02
6.730399999999999636e+02
7.040299999999999727e+02
7.330299999999999727e+02
7.636699999999999591e+02
7.949099999999999682e+02
8.251399999999999864e+02
8.546000000000000227e+02
8.882300000000000182e+02
9.228300000000000409e+02
9.602599999999999909e+02
1.001769999999999982e+03
1.046250000000000000e+03
1.094430000000000064e+03
1.145579999999999927e+03
1.199380000000000109e+03
1.257710000000000036e+03
1.325279999999999973e+03
1.400019999999999982e+03
1.489450000000000045e+03
1.596319999999999936e+03
1.719460000000000036e+03
1.904740000000000009e+03
2.220079999999999927e+03
2.569340000000000146e+03
2.810519999999999982e+03
2.940929999999999836e+03
3.020099999999999909e+03
3.087050000000000182e+03
3.138139999999999873e+03
3.174039999999999964e+03
3.203690000000000055e+03
3.229070000000000164e+03
3.249599999999999909e+03
3.267710000000000036e+03
3.276719999999999800e+03
3.282940000000000055e+03
3.286760000000000218e+03
3.280869999999999891e+03
3.274090000000000146e+03
3.262050000000000182e+03
3.242320000000000164e+03
3.220949999999999818e+03
3.195909999999999854e+03
3.169739999999999782e+03
3.146199999999999818e+03
3.117469999999999800e+03
3.088119999999999891e+03
3.065960000000000036e+03
3.041929999999999836e+03
3.017110000000000127e+03
2.991570000000000164e+03
2.970429999999999836e+03
2.948360000000000127e+03
2.927869999999999891e+03
2.906190000000000055e+03
2.884329999999999927e+03
2.866550000000000182e+03
2.848699999999999818e+03
2.831360000000000127e+03
2.816880000000000109e+03
2.801750000000000000e+03
2.788309999999999945e+03
2.774900000000000091e+03
2.757539999999999964e+03
2.747059999999999945e+03
2.733230000000000018e+03
2.718960000000000036e+03
2.704489999999999782e+03
2.685449999999999818e+03
2.669860000000000127e+03
2.650389999999999873e+03
2.630980000000000018e+03
2.610860000000000127e+03
2.593329999999999927e+03
2.573119999999999891e+03
2.554650000000000091e+03
2.533900000000000091e+03
2.512630000000000109e+03
2.494420000000000073e+03
2.473789999999999964e+03
2.456920000000000073e+03
2.434650000000000091e+03
2.416260000000000218e+03
2.397449999999999818e+03
2.380300000000000182e+03
2.366059999999999945e+03
2.349869999999999891e+03
2.337489999999999782e+03
2.326530000000000200e+03
2.316710000000000036e+03
2.307530000000000200e+03
2.296610000000000127e+03
2.287340000000000146e+03
2.278889999999999873e+03
2.273340000000000146e+03
2.264670000000000073e+03
2.261659999999999854e+03
2.256940000000000055e+03
2.251300000000000182e+03
2.247429999999999836e+03
2.245409999999999854e+03
2.238710000000000036e+03
2.235869999999999891e+03
2.235639999999999873e+03
2.231639999999999873e+03
2.229980000000000018e+03
2.225750000000000000e+03
2.225980000000000018e+03
2.225909999999999854e+03
2.223210000000000036e+03
2.224239999999999782e+03
2.221400000000000091e+03
2.221050000000000182e+03
2.219530000000000200e+03
2.219829999999999927e+03
2.217929999999999836e+03
2.218309999999999945e+03
2.217030000000000200e+03
2.217769999999999982e+03
2.217760000000000218e+03
2.217309999999999945e+03
2.218389999999999873e+03
2.220010000000000218e+03
2.221750000000000000e+03
2.222960000000000036e+03
2.225719999999999800e+03
2.225269999999999982e+03
2.229349999999999909e+03
2.232559999999999945e+03
2.235750000000000000e+03
2.238679999999999836e+03
2.241659999999999854e+03
2.246730000000000018e+03
2.249559999999999945e+03
2.250809999999999945e+03
2.257539999999999964e+03
2.260559999999999945e+03
2.265380000000000109e+03
2.269269999999999982e+03
2.274230000000000018e+03
2.280329999999999927e+03
2.284030000000000200e+03
2.287000000000000000e+03
2.290260000000000218e+03
2.295670000000000073e+03
2.298519999999999982e+03
2.300590000000000146e+03
2.306320000000000164e+03
2.311400000000000091e+03
2.312730000000000018e+03
2.319739999999999782e+03
2.323300000000000182e+03
2.329000000000000000e+03
2.335059999999999945e+03
2.340449999999999818e+03
2.345130000000000109e+03
2.352230000000000018e+03
2.356239999999999782e+03
2.363369999999999891e+03
2.367429999999999836e+03
2.372949999999999818e+03
2.376849999999999909e+03
2.380570000000000164e+03
2.384619999999999891e+03
2.387880000000000109e+03
2.391750000000000000e+03
2.393980000000000018e+03
2.397000000000000000e+03
2.402769999999999982e+03
2.404840000000000146e+03
2.407730000000000018e+03
2.410409999999999854e+03
2.414070000000000164e+03
2.418210000000000036e+03
2.420210000000000036e+03
2.424090000000000146e+03
2.428730000000000018e+03
2.435210000000000036e+03
2.439329999999999927e+03
2.449289999999999964e+03
2.456610000000000127e+03
2.462900000000000091e+03
2.470210000000000036e+03
2.480079999999999927e+03
2.486539999999999964e+03
2.497250000000000000e+03
2.502409999999999854e+03
2.515820000000000164e+03
2.525139999999999873e+03
2.535469999999999800e+03
2.543570000000000164e+03
2.555469999999999800e+03
2.566210000000000036e+03
2.576059999999999945e+03
2.585530000000000200e+03
2.594969999999999800e+03
2.603550000000000182e+03
2.612780000000000200e+03
2.618920000000000073e+03
2.626130000000000109e+03
2.632409999999999854e+03
2.637199999999999818e+03
2.642719999999999800e+03
2.645929999999999836e+03
2.651929999999999836e+03
2.656539999999999964e+03
2.657699999999999818e+03
2.658429999999999836e+03
2.664239999999999782e+03
2.663920000000000073e+03
2.667730000000000018e+03
2.670050000000000182e+03
2.672650000000000091e+03
2.671429999999999836e+03
2.672989999999999782e+03
2.672909999999999854e+03
2.672139999999999873e+03
2.672090000000000146e+03
2.670400000000000091e+03
2.666960000000000036e+03
2.663440000000000055e+03
2.662099999999999909e+03
2.657300000000000182e+03
2.653030000000000200e+03
2.651530000000000200e+03
2.645829999999999927e+03
2.639449999999999818e+03
2.639130000000000109e+03
2.636019999999999982e+03
2.632980000000000018e+03
2.630190000000000055e+03
2.629059999999999945e+03
2.628179999999999836e+03
2.624840000000000146e+03
2.627269999999999982e+03
2.627099999999999909e+03
2.625760000000000218e+03
2.626900000000000091e+03
2.626670000000000073e+03
2.627250000000000000e+03
2.627980000000000018e+03
2.630789999999999964e+03
2.631130000000000109e+03
2.632900000000000091e+03
2.632650000000000091e+03
2.632869999999999891e+03
2.630010000000000218e+03
2.634409999999999854e+03
2.635809999999999945e+03
2.638050000000000182e+03
2.640210000000000036e+03
2.639329999999999927e+03
2.641340000000000146e+03
2.644090000000000146e+03
2.646159999999999854e+03
2.647260000000000218e+03
2.649019999999999982e+03
2.651969999999999800e+03
2.655469999999999800e+03
2.657760000000000218e+03
2.660199999999999818e+03
2.663360000000000127e+03
2.666619999999999891e+03
2.671949999999999818e+03
2.670940000000000055e+03
2.676059999999999945e+03
2.673280000000000200e+03
2.679059999999999945e+03
2.682610000000000127e+03
2.686860000000000127e+03
2.685900000000000091e+03
2.688329999999999927e+03
2.688739999999999782e+03
2.690019999999999982e+03
2.688730000000000018e+03
2.690530000000000200e+03
2.690250000000000000e+03
2.693420000000000073e+03
2.693960000000000036e+03
2.692849999999999909e+03
2.695170000000000073e+03
2.694860000000000127e+03
2.695969999999999800e+03
2.697559999999999945e+03
2.699230000000000018e+03
2.702630000000000109e+03
2.701949999999999818e+03
2.704559999999999945e+03
2.708389999999999873e+03
2.711670000000000073e+03
2.715239999999999782e+03
2.715900000000000091e+03
2.721090000000000146e+03
2.724019999999999982e+03
2.730320000000000164e+03
2.731409999999999854e+03
2.737900000000000091e+03
2.740860000000000127e+03
2.746460000000000036e+03
2.751269999999999982e+03
2.759369999999999891e+03
2.762460000000000036e+03
2.765719999999999800e+03
2.765239999999999782e+03
2.765460000000000036e+03
2.769280000000000200e+03
2.766719999999999800e+03
2.774860000000000127e+03
2.775820000000000164e+03
2.772619999999999891e+03
2.776849999999999909e+03
2.778380000000000109e+03
2.780739999999999782e+03
2.781360000000000127e+03
2.781739999999999782e+03
2.783539999999999964e+03
2.785260000000000218e+03
2.783039999999999964e+03
2.783550000000000182e+03
2.786340000000000146e+03
2.785539999999999964e+03
2.784969999999999800e+03
2.788099999999999909e+03
2.786519999999999982e+03
2.785349999999999909e+03
2.786550000000000182e+03
2.785559999999999945e+03
2.788150000000000091e+03
2.786829999999999927e+03
2.787780000000000200e+03
2.791119999999999891e+03
2.789039999999999964e+03
2.790099999999999909e+03
2.790539999999999964e+03
2.791730000000000018e+03
2.789269999999999982e+03
2.791110000000000127e+03
2.790969999999999800e+03
2.789239999999999782e+03
2.793179999999999836e+03
2.790590000000000146e+03
2.792639999999999873e+03
2.794690000000000055e+03
2.794409999999999854e+03
2.797659999999999854e+03
2.800150000000000091e+03
2.803559999999999945e+03
2.803510000000000218e+03
2.806570000000000164e+03
2.808199999999999818e+03
2.808550000000000182e+03
2.806619999999999891e+03
2.805880000000000109e+03
2.802710000000000036e+03
2.802099999999999909e+03
2.797969999999999800e+03
2.797429999999999836e+03
2.794199999999999818e+03
2.792559999999999945e+03
2.788719999999999800e+03
2.786960000000000036e+03
2.790929999999999836e+03
2.789670000000000073e+03
2.791320000000000164e+03
2.795550000000000182e+03
2.798820000000000164e+03
2.804809999999999945e+03
2.808949999999999818e+03
2.812250000000000000e+03
2.814880000000000109e+03
2.820590000000000146e+03
2.826260000000000218e+03
2.830789999999999964e+03
2.832650000000000091e+03
2.835599999999999909e+03
2.836150000000000091e+03
2.838360000000000127e+03
2.836880000000000109e+03
2.836550000000000182e+03
2.830659999999999854e+03
2.826610000000000127e+03
2.823309999999999945e+03
2.814969999999999800e+03
2.804900000000000091e+03
2.795849999999999909e+03
2.783699999999999818e+03
2.769579999999999927e+03
2.756750000000000000e+03
2.746670000000000073e+03
2.727800000000000182e+03
2.715789999999999964e+03
2.699659999999999854e+03
2.685320000000000164e+03
2.673050000000000182e+03
2.660699999999999818e+03
2.649489999999999782e+03
2.641190000000000055e+03
2.632550000000000182e+03
2.627000000000000000e+03
2.617610000000000127e+03
2.615579999999999927e+03
2.608849999999999909e+03
2.610710000000000036e+03
2.609539999999999964e+03
2.610880000000000109e+03
2.612500000000000000e+03
2.616050000000000182e+03
2.619949999999999818e+03
2.621809999999999945e+03
2.627079999999999927e+03
2.632809999999999945e+03
2.639730000000000018e+03
2.643539999999999964e+03
2.647440000000000055e+03
2.648920000000000073e+03
2.649880000000000109e+03
2.646849999999999909e+03
2.642280000000000200e+03
2.635849999999999909e+03
2.627190000000000055e+03
2.620090000000000146e+03
2.610159999999999854e+03
2.600639999999999873e+03
2.590559999999999945e+03
2.582500000000000000e+03
2.571289999999999964e+03
2.562550000000000182e+03
2.552920000000000073e+03
2.544349999999999909e+03
2.538820000000000164e+03
2.533260000000000218e+03
2.527170000000000073e+03
2.523309999999999945e+03
2.521559999999999945e+03
2.517119999999999891e+03
2.516730000000000018e+03
2.515940000000000055e+03
2.515369999999999891e+03
2.517269999999999982e+03
2.519889999999999873e+03
2.525340000000000146e+03
2.530019999999999982e+03
2.536039999999999964e+03
2.542889999999999873e+03
2.552489999999999782e+03
2.563340000000000146e+03
2.573730000000000018e+03
2.587170000000000073e+03
2.605050000000000182e+03
2.625670000000000073e+03
2.642650000000000091e+03
2.668650000000000091e+03
2.695349999999999909e+03
2.723340000000000146e+03
2.755619999999999891e+03
2.790780000000000200e+03
2.826429999999999836e+03
2.862150000000000091e+03
2.891800000000000182e+03
2.920530000000000200e+03
2.950550000000000182e+03
2.976889999999999873e+03
2.997599999999999909e+03
3.013539999999999964e+03
3.024710000000000036e+03
3.029480000000000018e+03
3.032000000000000000e+03
3.026809999999999945e+03
3.018519999999999982e+03
3.000480000000000018e+03
2.977010000000000218e+03
2.947590000000000146e+03
2.906019999999999982e+03
2.844329999999999927e+03
2.760179999999999836e+03
2.653530000000000200e+03
2.500400000000000091e+03
2.241150000000000091e+03
1.925660000000000082e+03
1.687849999999999909e+03
1.552059999999999945e+03
1.452960000000000036e+03
1.367559999999999945e+03
1.285690000000000055e+03
1.216210000000000036e+03
1.157500000000000000e+03
1.106150000000000091e+03
1.056740000000000009e+03
1.006870000000000005e+03
9.624299999999999500e+02
9.213500000000000227e+02
8.821699999999999591e+02
8.471200000000000045e+02
8.165800000000000409e+02
7.887799999999999727e+02
7.643099999999999454e+02
7.393700000000000045e+02
7.135499999999999545e+02
6.842899999999999636e+02
